# oST version 5.0 parameters


[image]

width
1368

height
1096

[narrow_stereo]

camera matrix
1384.621562 0.000000 625.888005
0.000000 1393.652271 559.626310
0.000000 0.000000 1.000000

distortion
-0.152089 0.270168 0.003143 -0.005640 0.000000

rectification
1.000000 0.000000 0.000000
0.000000 1.000000 0.000000
0.000000 0.000000 1.000000

projection
1362.184692 0.000000 620.575531 0.000000
0.000000 1372.305786 561.873133 0.000000
0.000000 0.000000 1.000000 0.000000

